0.32820514899014247
0.36885245621761464
0.8424242390184561
0
0.8098160229480414
0.1513944160517088
0.12749004370504757
0.9583333436923289
0.17297297738111547
0.7022900598091164
0.6851851946643517
0
0.48809525411639626
0.24793389364293375
0.20640568687841754
0.9171270904580645
0.5675675867985093
0.04219409242694457
0.7893462919911266
0
0.042763156663557345
0.3770491674016779
0.4545454398216292
0.8842443766626613
0.07323943577060701
0.04833836898021479
0
0.03199999926239254
0.006920415462887257
0.13875598019532306
0.17777777461276292
0.8835202754622048
0.7692307106783678
0.3669064488406859
0.20472442546985797
0
0.43902440737004417
0.03288958560816013
0.26530612583614976
0.9262672541672223
0.08146639767202866
0.10948905448304108
0.6563706857364994
0.0235294128039845
0.6382978530769811
0.1130952315294084
0.26285713940056
0.8743801687653223
0.08242950531511378
0.14977973998786046
0.7192982698413266
0.10958904683377446
0.04155844128289009
0.46735393757931964
0.08571428592335813
0.7994186010091389
0.05591397513997603
0.7401574965059476
0.8023952678921699
0
0.06493506633897603
0.3818182066901029
0.07619047965955779
0.9098712996591556
0.3174603204497479
0.8320611274159652
0.619047641504629
0
0.2271062409452091
0.22439024831573867
0.16993464106600578
0.8742746299465394
0.3483870798670302
0.9487179197401596
0.8000000296155414
0
0.24999997707166452
0.1522842682480187
0.14117647459124671
0.9256595042096603
0.06341463411230193
0.7925925991833287
0.607407377566061
0
0.010152283723869598
0.1420765082105497
0.16822429954524948
0.9398374338209237
0.16666666188476592
0.8938052637933277
0.6172839641571045
0.035714286807164215
0.05202312021990158
0.2424242468576458
0.07905138288442348
0.8767772167882295
0.1524663767567837
0.49392710754361796
0.7464114385469314
0.04999999918509275
0.02398800604079923
0.05473684349514617
0.05555555555555555
0.9060773241054219
0.6853147418283995
0.01626016103239043
0.9001691939982973
0.2857142789996397
0.6390532544378699
0.5512367369451239
0.14814814597633974
0.9132231195024003
0.047210300769787376
0.14173228995616616
0.8257261091070874
0.07142857361432843
0.027649767587942867
0.1255230061089668
0.10285714196424905
0.9378238381417908
0.2514285674766619
0.7922705879807803
0.6802030184880169
0.06818181565916548
0.7747747679002537
0.4927536053335282
0.13333333624733817
0.8883827208894074
0.20276497520817213
0.8796680629792394
0.7817589692617839
0.08888889164836307
0.8256880819685473
0.2577319739245373
0.2269503600298789
0.9054325584982673
0.3035714433725257
0.378947360968179
0.389937106918239
0
0.012269938310222763
0.006514657819786356
0.18834080608213122
0.936470536452905
0.03333333489703538
0.8960573674465361
0.7526881687035833
0.05063291326639132
0.8508286826911363
0.12612613177537463
0.14925372630999253
0.9148265023191011
0.20329672125535578
0.24884792952719814
0.3908046058423417
0.043478261952293755
0.5955555827718082
0.07909604495706893
0.20952381010769178
0.8847737015456717
0.5648855115988564
0.5960784119293426
0.11111111754988455
0.057971016563141756
0
0.05538461793657578
0.19199999944591523
0.8270893635468837
0.6410256456811517
0.8502415553264836
0.5777777554897167
0.15789473780524582
0.35922327660707554
0.1689895464425193
0.1379310385757052
0.9408602449839328
0.14569536278638354
0.5959595711792921
0.8026905938843468
0
0.24365481610285056
0.14117646059027805
0.10227272355256828
0.868512076475493
0.322033894455823
0.5759162528922954
0.5172413982309547
0.11538462036085359
0.8679245166516406
0.33198382373263724
0.29411764018991704
0.8748451372431789
0.38596491663267035
0.3854166599413223
0.7507507327277692
0.04545454628580859
0.254681644630538
0.18923933045368932
0.1516587632590876
0.8626609598575188
0.05447470834633418
0.8342245441011911
0.792000045931923
0.11940298815344765
0.08040201056176025
0.20209060136052687
0.09389671480022889
0.8814913759043672
0.17589576874373988
0.38418078341475864
0.8996539918323332
0.24299064819856855
0.5942028943820087
0
0.14880952324238853
0.9179810215857757
0.2887700464848997
0.8290598345836931
0.8196721288064384
0.028985506578156267
0.09065156405592344
0.289752654877853
0.10526315859322877
0.8948246356905681
0.27480917650463615
0.16033755638925792
0.2931034372907247
0.22535213911372065
0.24242424657867284
0.14718615456146933
0.19786096439333134
0.9494949526602335
0.5675675012874905
0.6564102490665116
0.5268817403130903
0.06896551495127815
0.6802030232852195
0.45544555421163335
0.14400000577153094
0.9214659733193481
0.18571428376113996
0.8422938558039703
0
0.5698925072710298
0.4561403645701949
0.09230769649588866
0.8977777612746082
0.06508875598303276
0.8460038920705377
0.113207549270509
0.20717130085894137
0.5289256198347108
0.2530120503298515
0.8900803967545038
0.12121211432926254
0.7647058913959668
0.03636363587765532
0.5962733394894963
0.10891088493879962
0.08536585318840348
0.9189188821520938
0.325
0.702928866790271
0.041666665631863845
0.02977667430654749
0.032160806056563726
0.13924049789434406
0.9282136745963024
0.5333333708916187
0.7237354211128304
0.057142859815658
0.6415094447402154
0.10526315127199827
0.888888866548185
0.19101124767139074
0.7340824380748954
0.033333334283282307
0.36866360178471314
0.11594202985012511
0.9368420329659847
0.03902438938398864
0.8396946586441892
0.09090908739931343
0.02040816453161968
0.19672131948263122
0.9326241657617124
0.060941828954152774
0.8456550435390437
0.2820512760306112
0.8119657795331625
0.21518986552929298
0.892857138099584
0.6351351112721576
0.7254901992770438
0.17647057856758605
0.20437955813054381
0.17857142327323774
0.9240121819376484
0.1991342059906592
0.6862745023061994
0
0.8582375056343732
0.19191920287226827
0.9354005388522457
0.5137614664224932
0.7806122020200796
0
0.7710843661533441
0.23931624889548003
0.911242627478917
0.16000000467811307
0.1456953730967271
0.32989691544784633
0.05245901773933768
0.24786326208406548
0.9367088269900599
0.07785888734414848
0.5649717263723534
0.20202020675190205
0.15331010608155546
0.16867470333987572
0.8588098367944501
0.10666667230872295
0.8362720933766588
0.23076922893883398
0.09677419047822088
0.8091603304557452
0.6013071907624589
0.7099567448472335
0.35897438451920544
0.17230769961971582
0.8755130632973519
0.5747126099990562
0.7046632081044265
0
0.11891891769286575
0.9269406659614317
0.14726840305864192
0.673796827579243
0
0.2068965635179376
0.8807853411979999
0.6538461570981652
0.5294117329167378
0
0.1261261250104439
0.9253731372075952
0.2474226880617079
0.8137535927187179
0.028985506455603556
0.11764705965482081
0.8804159574050289
0.7185629212513049
0.8484848653740045
0.040816327717553974
0.1038961060826464
0.8662952575486285
0.1323155223966239
0.3520000241199849
0
0.23684210222926502
0.9180327964619899
0.14814814320562308
0.6296296262103467
0.06153846673226557
0.2797202701976443
0.8832808053258793
0.1818182002594208
0.8922056478664971
0
0.24193549685249963
0.9106028840997434
0.5611510946401512
0.8018648368830167
0.033898305467602
0.14814815101827106
0.9371428240754284
0.16666666666666666
0.764505120506379
0
0.2165605206267162
0.8959777432105251
0.057971014747053004
0.34319526765430897
0
0.2727272727272727
0.8631579294512227
0.07264957164452088
0.3253011872842587
0.05882353289213975
0.21212121634350112
0.9016697181119998
0.18497109769868195
0.869215345323019
0.2025316530548212
0.2064896789851541
0.870646735664049
0.2358490626798827
0.8793103366792525
0.09374999286956204
0.2727272612332644
0.9385964728485121
0.14953270191210666
0.8996865164358073
0.06666666718406808
0.09589040759000945
0.9003690166115618
0.02645502694497391
0.10000000370628383
0.0370370390351009
0.1473684177650592
0.8393442333292223
0.5098039154553307
0.6991870250486858
0.0769230750590541
0.09259259316492799
0.9167974577725471
0.05161290302645884
0.6857142612597114
0.27777778274891946
0.19607843510543305
0.8733706339166658
0.057347672397762006
0.09090908625863578
0.13105412859766816
0.9074890269645655
0.2826086930731268
0.7604166707091976
0.1889763652531863
0.9624060206195976
0.16793893436112667
0.32941175976839043
0.8803245184161717
0.3899370949629492
0.17177914387904816
0.8988763926069009
0.05769231271753103
0.1401273846399087
0.8923679132325385
0.615384647126735
0.08791208508111917
0.8235294581298861
0.19999999141859345
0.24761903266413543
0.9205835447016506
0.18543046828681073
0.28272252597194847
0.8112543462754949
0.45614031881413647
0.08540925744212483
0.9460431894830204
0.08759123960464148
0.08888888195984926
0.9124999738882669
0.09014084646766132
0.1067615705116772
0.8994413278282315
0.2574850275544903
0.2574257512772103
0.8943661957772271
0.03418803321050108
0.17391303913854414
0.8296943246949376
0.1428571406289179
0.1506849286089283
0.8878788415440516
0.4035087702757353
0.20588236738404267
0.8959276111188756
0.10774411729916751
0.21292777335029628
0.8693642108545829
0.2680412268070814
0.18584071174061384
0.8138101121352403
0.3664122017524955
0.08024690737222694
0.9211008983433451
0.7307692491462467
0.31746031714645073
0.9106753414054733
0.047393366133096346
0.21839079602656253
0.9230769776726152
0.30000000780913966
0.15037595217978983
0.8666666072379023
0.7833333506884296
0.15426997600762227
0.8789237826140389
0.5494505420742852
0.07142857308425603
0.8983799306637973
0.3191489383072376
0.23430963712957706
0.876090692804462
0.10734463473173175
0.10000000147052283
0.03931203758716357
0.12173912884760583
0.8104574886615524
0.08547009331287073
0.5781249667744383
0.303030290850759
0.1016949195322748
0.14141413731217928
0.037433153816221
0.186813178544232
0.098360656267168
0.1894737016758435
0.6092715816856363
0.24324324869527128
0.2051282054588522
0.17283950738649714
0.2369668317495529
0.15841583561259237
0.7945204720417637
0.19230770017709192
0.06366047835734955
0.15384616570420007
0.12162163069334297
0.08205128078364857
0.5692307364019855
0.15384615639009527
0.25688072967816267
0.14999999573143813
0.055363323300155524
0.06635071588519707
0.6961326054730833
0.2674418636304787
0.15748032219456237
0.16080401911120892
0.27540983472029884
0.2255638907647923
0.05365853475496726
0.2433234598259604
0.11627907005530061
0.1976284647232724
0.5957446995269035
0.15126049934336144
0.2748091469413908
0.13684210050969797
0.15503875980982304
0.2297297196553752
0.04651162916226642
0.12598425431190985
0.09252669181243199
0.13872833117502129
0.2718446669554091
0.21800948365480016
0.20920502120495485
0.11842105747594676
0.22377621944939274
0.0631578921273885
0.21818182375066567
0.19580420087593917
0.16494845977582198
0.17218542282902685
0.11285266513295475
0.16199377742860563
0.22222223289522985
0.17674419798130184
0.15311005327574925
0.08064515883233606
0.24390242259085937
0.22857143335500527
0.24890828344656873
0.27826087178349035
0.242990641855736
0.20689654207592367
0.2122905042536995
0.059999998660292514
0.23999998168945452
0.25615764811123015
0.09230768694680128
0.2278480979301464
