0.4902386124035199
0.6355140200017907
0.8894601426018308
0.5322580564248729
0.7978723262240298
0.21946902456933215
0.5270588472612598
0.932692330364513
0.41340778887041435
0.7034884398239096
0.8137930693970499
0.6231884495577773
0.7058823057783206
0.23193916805317372
0.6419752981669935
0.968750001922261
0.7052631618962595
0.3281853408236078
0.9118942184277323
0.47407411581449543
0.5609755773720995
0.7111110535243593
0.7567567423154744
0.9520958061345057
0.46135267234144706
0.3342857077875375
0.8455284828310585
0.45933013595593764
0.5834738636930117
0.15151516177750757
0.6055979878571057
0.8963367663010646
0.741176472476256
0.5265957686483822
0.7950310499500157
0.4637681250554339
0.777385171987809
0.4048429956224657
0.35348835268346673
0.9525862249546521
0.5013624184588851
0.41363636069186527
0.8641975595988096
0.4805194712628461
0.7267080615590005
0.3395853858563659
0.4857143084934207
0.9051851799264087
0.472095182771699
0.5
0.891304388394903
0.5625000129221004
0.6071428781283493
0.7368421052631579
0.34905661986789416
0.8663238943722888
0.5297079608558133
0.7594936363896851
0.8946015417323603
0.40000001942005503
0.6666666815645574
0.32512317914578953
0.44360902485947595
0.9181636581589648
0.6728110366464499
0.8473520255698185
0.7183673427421896
0.4393063796303417
0.6682809020042061
0.15704387529529407
0.5144927604106174
0.9238937935649124
0.563934428508598
0.8654545375702902
0.9323017646788803
0.5576922942041882
0.7494823955925656
0.1640942393162725
0.5114753853955459
0.9172259375775759
0.4945382506706484
0.7964071936214895
0.8690095791987503
0.65934069014323
0.5075757708770007
0.1954887136086367
0.4105960335465783
0.9291100633886727
0.5288966544795157
0.8931297825941295
0.7232143140129783
0.36956522133572933
0.6449612581673901
0.4076433188077053
0.4578833929292654
0.868644012776454
0.4873293709706026
0.6815286874714855
0.8614231896345905
0.42622948756064843
0.5647236649751253
0.14003590396229088
0.7343749850827395
0.8967254671710029
0.7015706746708976
0.421784486309971
0.9545454375157355
0.44444442895301695
0.7777778032437834
0.8306709102610226
0.35179150972915335
0.9367588462508063
0.46225535444243604
0.4902912636112501
0.9308411012681198
0.5528455415890575
0.6594724472549602
0.1256332422881995
0.534954409135309
0.9493976189254645
0.46236561037213236
0.8312756696605358
0.8717948943834368
0.49696965275581084
0.7067668977964019
0.7771083907576118
0.7572815533980582
0.9290322295146564
0.45982144683509485
0.8650518979549526
0.9134328496476511
0.38157896171589517
0.8582996267949337
0.4166666666666667
0.3878787891628242
0.930841162427702
0.5911330058865171
0.6165413207919388
0.805825210210772
0.40999998038687335
0.5524861354163386
0.11241217879700671
0.4390243939276773
0.9241071716309994
0.5245901701830512
0.8389057948170786
0.9244713665802842
0.5467625744571107
0.7464114726104256
0.25961540675771655
0.4451827057696309
0.9347181650220395
0.44076430817694295
0.5555555853533368
0.7631579170045265
0.5740740668288878
0.7676056786074297
0.227272724560716
0.34893617762743684
0.9439071362793624
0.7047618892370088
0.6404494371650006
0.7591240787266503
0.5255474855582355
0.3855855707413149
0.13424657385180236
0.4015151389097589
0.9081365184245899
0.80219781607666
0.8171206448534916
0.7947598006089995
0.6518518518518519
0.6394558013356838
0.38491545212131795
0.3953488271971326
0.9429280508190734
0.4705881995104218
0.7175572917979963
0.9058116065234506
0.5742574317931223
0.7129337305941564
0.13210040450767074
0.39320388676985696
0.9142857273209458
0.8333332865979648
0.7744680618645476
0.738955767855685
0.3802816864123526
0.8432431994929369
0.24118740178266232
0.423841059602649
0.883977935431304
0.5649350856981182
0.695970691892976
0.9218750050500079
0.5309734720305845
0.7213114119259654
0.1876629058855333
0.532951310245055
0.9383697688127267
0.45512821372485646
0.8347826269615458
0.9278351010474144
0.4444444285093089
0.6246574960310576
0.14814815101827106
0.4950980681470864
0.9282178650087934
0.4560943657205677
0.5206611202501706
0.8843105715146106
0.6666666948818838
0.7272727198416297
0.1631321426004763
0.5310734484317658
0.8998548487988514
0.507936512352084
0.8880597034771978
0.8967391865868614
0.5441176725606706
0.6570048640050743
0.4511278148337577
0.41860467799879136
0.9040247276357738
0.5671641893352132
0.3427561817981553
0.7272726982684181
0.5405405720531234
0.71304350151946
0.1583756300951187
0.5659777444687784
0.9339622473065674
0.6769231046342682
0.7619047248020336
0.7868852096498892
0.6557377204459146
0.7674418676165496
0.7489712462327979
0.5445705074824668
0.9437652313332447
0.5408804937560968
0.9423077166271223
0.3359999854087837
0.7242798296556171
0.4472843495607536
0.4645161695543194
0.9397089432659316
0.47185628016830583
0.9094138726122291
0.52100838319854
0.6774193647544403
0.7773851383117762
0.5504586966468602
0.9005659439616764
0.5452092037550293
0.9345793768429932
0.5840708114925705
0.669902901925198
0.15068492688384627
0.5350553719649435
0.9291666765390572
0.5337837765916115
0.8522337098982521
0.31578947561049164
0.6090776262294955
0.35150456627379734
0.46551718862789127
0.9032257958352767
0.6628571616114396
0.8950617703719163
0.645669292668961
0.6944444397169542
0.7096774324487017
0.969411734634377
0.43914081746123745
0.8792569998499236
0.47058822867137967
0.7138046325595034
0.4713375746220953
0.9597989887374908
0.5083088636390014
0.9115645663563364
0.5569619915773762
0.5099415093722475
0.8484848443007861
0.9078947256297426
0.5
0.9088811885198355
0.5100671222904307
0.7857142910787036
0.3680981629301485
0.9313543385625066
0.7099999582935385
0.9186046044413867
0.4715447142074882
0.6201923344813838
0.544342517750017
0.9770114879436697
0.5141844367661954
0.8549618573141625
0.40277777119607494
0.8661971647288969
0.37746478863368715
0.9320388479650852
0.6122449006961316
0.9206349596523064
0.31578946934922864
0.8253968117285472
0.5263157587808452
0.9518518606639019
0.5228426286843325
0.8128342457167832
0.45662103580492963
0.6654479247085583
0.40277778503417283
0.9158512357581298
0.5251046374390964
0.7878787901186459
0.588832507218498
0.7075663956475562
0.40718561469010855
0.8931623677834081
0.4004259920138416
0.8908685683604269
0.5771812067275384
0.4252491524796589
0.8953975129348264
0.6933333104039426
0.8350168290824819
0.6153846261134511
0.6822262216684815
0.9180327783762685
0.8032787298717998
0.687499936726951
0.43137256124335255
0.4449877530246318
0.9336188277047612
0.53398059532965
0.8619246939739557
0.3646408713917742
0.5699999741406829
0.9109414200300651
0.7299270555147264
0.8275862191333108
0.47619047362744066
0.4952380932003296
0.9018932883440246
0.40625000722166826
0.9287599125764248
0.5285714301083934
0.40167365473087263
0.9320694761672539
0.7715736115113027
0.9294118024251207
0.36496349305297093
0.8659793473871232
0.8679244611198431
0.54566209188328
0.8152866136504701
0.4603174682581179
0.7857143177179159
0.9164556850440411
0.4684685088423932
0.9117646485777917
0.5507246837278382
0.6613545706955571
0.8910891260602528
0.4861660525477084
0.9028400361715919
0.6466165761200124
0.5229357860637549
0.9446640166607845
0.6732673391621509
0.9212121466775439
0.5090909053777969
0.4652406637818549
0.9249999630410921
0.4668989432583346
0.8539325819358582
0.5714285846740482
0.4701492397477822
0.9378237927320028
0.4871354931949539
0.7685950333182696
0.44025157645447544
0.4016064277824029
0.9116944246802313
0.48680347682484076
0.7454545805973761
0.48618785881274923
0.8108108127613499
0.8934009407441658
0.46547312620525677
0.9313543561273488
0.5098039387168833
0.6023166090663494
0.9359268231374516
0.5066666593632198
0.9289339556363018
0.5925925822562157
0.5996131564253078
0.9294605809128631
0.44660194511128903
0.8913963890134169
0.5608465721522243
0.4510385805490075
0.9473683780069542
0.5401785882786135
0.7748690684565744
0.5483871213191073
0.6032388495664576
0.9331352094795697
0.6236559139784946
0.9263157739184047
0.5740740668288878
0.2922077868595598
0.9230769627690719
0.4499999888211488
0.8515624521725289
0.47567567993820536
0.6452702263713449
0.9071129485257827
0.47252745721261935
0.7638889116959438
0.6799387655016528
0.8910891589735128
0.6783626163853915
0.8883928792327449
0.5810055594609788
0.9573460246472072
0.5333332997133052
0.471264362692454
0.9265536472495804
0.5256797162326778
0.49438200141316796
0.8863309436434791
0.5147453242450045
0.6201232071287464
0.9222422737648353
0.6896550961153138
0.5464480625964802
0.9016189211128233
0.429501108955496
0.8085106413514863
0.9282443134085205
0.4305949094375407
0.5029240044618302
0.8526971504399958
0.6785714442368546
0.45195732060399096
0.9455782017460207
0.5504000200406917
0.8813559162712357
0.928853789915795
0.5739348449396053
0.5576520015548643
0.8929503513108545
0.5212619996224125
0.5123153292302817
0.886399996996938
0.5075318925787804
0.3192771314863003
0.8630490945368433
0.5291828618933323
0.48351647486870336
0.9090908972019035
0.708737891103662
0.3949044587939809
0.8928087175369351
0.49117645318867714
0.5333333537367726
0.8959834882154417
0.5851063645402618
0.43621398321923793
0.9097065647608326
0.7976190092745452
0.5581395469108915
0.9397590399628423
0.6335403926167077
0.9052631882245654
0.9363449814819045
0.5155925287576614
0.5374149610395654
0.9314285433306189
0.562318786456516
0.49350648273207254
0.8915662931339005
0.6549707648451994
0.5248447357409729
0.8729508299919035
0.6578947001811226
0.45454545971775817
0.9264305674453519
0.5700483295746827
0.5891892273373784
0.9342104801436758
0.48009950921867933
0.6191248223121507
0.4794816666499967
0.41558440625691284
0.8087431693989071
0.4559999934453967
0.6395348826424844
0.7878788036494843
0.43715847096920096
0.44247787739045563
0.49511399556952085
0.5081081167232362
0.5
0.3619909434854374
0.8397790032100385
0.3237597937545763
0.526946099364796
0.3902439069894481
0.46391753017064036
0.4566210005925671
0.8208092761835032
0.3952569357238935
0.4482029675456623
0.6159600932533086
0.463343098805455
0.6128133729768057
0.7757575375399993
0.4886877556591769
0.6330275229357798
0.6714286040972473
0.412517775959494
0.5524296670101767
0.779342720492631
0.38873238958890105
0.5454545321428488
0.4281984551307601
0.5433715207903418
0.3252595340367898
0.41666664503322315
0.5730769176517906
0.4316546569016257
0.5
0.8549618870179944
0.5272727081479425
0.5925925872318688
0.49579831026171456
0.5324232193397455
0.44912279356510804
0.47361644998103225
0.4264705828057092
0.6017391176127531
0.35835350918763154
0.5824176029298396
0.5283950297850659
0.3964757674699863
0.45454545454545453
0.4452554740290678
0.5601172989475325
0.35424356060256235
0.49684211980261955
0.4787233817728616
0.41935483771305415
0.5781818263368862
0.5844930454271956
0.8571428571428571
0.5536159699792037
0.5052082944782225
0.49367087979845736
0.47321428468730264
0.3194444325419618
0.46861924383384385
0.6073298505671079
0.8676470869575437
0.4090908942102731
0.5144508479043671
0.5714285847546048
0.543478245726154
0.3916083675750727
0.6206896693924807
0.4946236929417488
